7616
635
39
48
184
17
24
4
37
3
2
1
8
24
17
1
253
36
48
212
56
5
74
229
15
26
22
8
10
171
47
5
170
3
38
89
5
117
31
79
198
5
36
50
40
26
7
4
238
4
52
32
31
15
13
1
4
26
8
27
83
11
15
5
44
9
3
9
2
66
4
84
2
48
77
23
63
251
3
68
2
9
30
43
19
3
15
30
6
1
9
3
245
30
4
42
92
67
73
361
6
2
5
53
54
250
9
3
30
88
48
205
10
59
192
38
32
345
183
119
95
18
11
192
18
339
99
49
56
123
82
361
488
111
269
30
30
22
64
112
91
188
6
6
1306
849
167
102
980
90
51
122
239
23
218
52
32
13
15
158
72
34
647
21
299
53
75
7
551
399
7
8
10
3
1082
340
123
88
188
35
364
9
36
31
193
30
112
273
93
115
129
37
2
292
69
58
26
60
13
78
22
9
1
15
19
1268
11
5
8
49
270
13
1
2
3
134
166
20
3
2
84
4
9
7
819
217
423
405
45
4
3
40
490
3
67
23
32
4
191
10
61
10
5
28
28
8
2
2
5
2
5
6
9
20
1
3
16
1
24
2
3
17
2
2
27
5
1
10
134
92
20
37
28
8
24
12
11
3
68
1006
14
11
765
76
20
35
93
486
14
79
12
164
120
2
3
11
4
2
1
449
2
248
124
11
171
205
28
35
875
15
53
4
65
21
3
143
48
4
23
32
405
8
71
46
6
1
50
17
2
222
165
144
16
49
35
28
98
173
1
1
1
35
4
1
14
4
2
18
1
1
190
34
772
98
63
348
39
174
9
10
3
108
18
91
17
5
16
156
1
30
19
58
22
17
20
1
1
117
4
17
183
5
81
10
43
7
284
12
136
149
7
117
112
49
16
1
8
2
28
311
1
21
10
9
2
7
27
7
1
4
115
10
3
104
59
11
867
213
64
180
17
83
56
17
152
7
357
15
24
63
5
3
1
1
8
4
1
4
2
18
1
164
137
6
18
132
1
110
6
10
97
5
20
2
30
2
4
72
9
4
12
24
712
9
1
6
51
8
2
5
1
7
4
11
30
3
12
57
2
1910
14
23
830
17
442
238
99
128
87
5
236
176
480
28
18
300
34
70
19
39
162
1600
1031
121
25
59
10
4
89
21
6
24
270
40
2
2
70
260
125
73
30
54
59
45
42
129
24
83
10
21
373
31
96
6
25
3
1
139
286
234
21
5
176
119
40
885
27
11
18
706
303
11
42
3
32
38
15
316
14
12
310
30
5
25
96
96
14
58
10
146
52
4
232
138
57
64
25
26
7
271
2
66
1
1
27
39
1
7
464
1
3
1
29
415
45
384
14
23
132
14
143
3
98
112
31
18
8
5
1
47
5
14
13
3
9
1
1
72
23
1
225
67
203
76
4
73
7
35
116
3
3
58
28
135
4
32
1
16
3
8
2
1
16
5
3
1
697
247
6
9
182
89
13
2
48
22
3
52
244
40
19
25
143
6
22
168
37
77
42
154
42
115
30
264
47
11
301
12
10
620
219
120
8
12
28
516
169
100
3
191
7
1
2
1
4
1
1
1
5
2
38
4
154
57
47
50
42
1
1
30
1
3
15
7
7
6
7
1
3
15
2
14
11
3
2
2
11
35
15
27
1
8
81
40
76
6
5
209
10
13
5
14
5
37
3
1
5
2
3
28
19
22
23
4
15
110
29
1
2
142
21
12
17
12
4
13
11
1
50
19
2
31
3
1
27
5
2
48
15
4
3
448
169
387
171
19
12
419
96
270
122
5
42
95
190
30
2
60
13
4
4
3
65
10
40
6
26
542
407
68
42
40
84
80
165
541
53
73
5
19
9
24
10
2
543
155
107
56
44
10
51
40
5
360
27
8
42
294
68
8
86
27
35
2
16
45
42
20
7
11
6
30
40
1
33
121
8
5
2
313
2
43
97
3
5
89
22
13
48
1
22
2
2
71
3
7
66
154
11
116
98
25
22
21
10
20
242
37
213
1847
272
83
1587
382
284
2047
5
3
90
66
50
24
5
9
5
1
18
6
27
263
22
23
31
16
75
11
153
63
24
81
227
139
52
7
6
3
37
162
16
70
5
59
1
10
4
113
159
523
95
64
14
9
102
12
14
2
13
242
18
23
5
26
9
19
6
34
15
3
5
5
71
16
249
165
98
4
6
31
11
13
19
39
19
20
124
186
4
32
1229
290
108
22
11
329
6
5
387
28
372
339
57
176
28
42
11
18
160
34
91
129
25
27
33
4
95
504
12
61
14
117
4
128
91
29
23
14
3
27
2
96
58
9
73
204
141
119
137
38
51
195
84
73
5
24
15
20
11
3
48
79
250
107
6
472
48
17
178
200
729
71
110
66
130
16
5
37
576
30
72
65
1308
395
774
20
143
139
73
53
117
362
68
46
26
57
325
126
256
227
335
36
244
252
69
25
10
124
13
3
46
72
1066
61
64
171
37
181
17
304
60
1105
1
24
71
4
2
95
11
21
544
31
36
569
109
6
62
6
1
5
10
5
1550
235
93
41
8
4
7
156
62
18
57
233
56
58
34
36
16
434
47
580
571
9
197
77
22
14
69
7
385
184
41
10
15
174
9
229
74
17
90
23
18
25
105
59
28
14
281
903
878
22
1
2
1
5
49
13
1
15
6
39
36
11
1
1
136
30
27
2
3
81
2999
357
88
17
3
46
62
84
47
208
88
673
424
58
87
4
2085
47
554
49
521
72
245
113
57
1316
184
15
59
353
34
8
68
13
4
2
11
1
9
372
1088
918
23
36
25
67
28
44
1
22
17
2
185
180
140
186
21
37
30
13
11
4
68
27
9
30
45
3
245
46
94
84
49
9
8
9
20
119
6
85
32
35
3
13
87
38
5
3
1
535
106
37
19
1383
557
237
260
719
499
287
86
79
661
167
128
70
323
12
313
55
30
13
29
33
554
275
10
3
6
318
16
170
231
4
23
45
593
267
91
286
224
89
30
6
22
47
39
19
16
11
1
8
4
10
23
5
795
49
14
2
59
3
38
337
715
634
138
221
72
98
85
69
6
16
120
2
9
15
3
275
4
25
1
18
3
10
50
3
10
42
179
95
893
85
789
79
248
532
339
280
1772
752
159
574
264
52
173
742
185
2036
1226
1253
1284
498
878
656
835
2513
62
1114
82
81
176
407
830
833
603
257
308
444
889
322
503
831
1951
1601
653
712
815
723
401
881
388
410
589
155
532
1439
1019
1216
1339
482
729
132
1682
10
73
29
127
153
167
210
55
160
143
39
436
83
2
4
42
148
301
89
506
209
544
411
497
463
76
6
2
303
67
1
4
25
839
13
637
2
399
67
134
142
20
9
8
21
5
44
6
1
12
14
4
41
6
5
2
16
34
5
17
26
3
43
2
2
45
14
127
210
17
288
77
22
64
27
26
78
13
17
63
3
9
34
14
9
4
69
3
6
1
2
56
13
72
5
3
6
1
4
4
3
384
18
6
49
52
27
48
25
2
22
342
18
61
53
11
31
4
9
2
22
11
22
136
315
16
115
4
146
3
350
94
1
48
42
149
3
90
1
28
15
10
2175
46
1142
11
1
796
120
48
217
459
166
221
179
53
103
294
278
865
14
65
270
111
577
1343
1327
17
65
102
294
58
63
1970
415
48
41
519
10
73
17
420
1292
1
623
802
380
597
12
385
884
26
11
34
508
586
304
288
248
171
1
30
12
24
8
5
481
9
62
213
125
62
1
79
303
66
35
4
61
6
91
18
30
17
244
13
1
3
308
33
11
29
8
27
8
9
78
6
456
32
48
37
30
7
16
12
4
26
23
9
17
34
64
61
5
16
227
31
104
7
12
41
1207
156
25
163
40
25
58
64
19
184
5
21
92
9
71
13
7
16
62
23
49
87
19
46
38
157
14
3
12
1
4
21
42
89
27
15
73
31
26
32
13
13
6
8
25
10
31
21
15
43
7
4
6
55
348
167
145
6
3
100
28
8
60
19
18
34
205
48
20
22
246
150
37
20
171
11
56
6
76
248
9
113
293
112
4
6
10
18
12
3
9
7
14
80
1103
986
24
89
9
213
9
66
20
25
1
142
16
41
39
13
56
28
55
7
110
73
67
50
39
18
81
811
93
58
120
7
72
30
23
6
87
24
33
7
21
26
4
3
7
22
26
4
40
1
22
58
16
15
8
58
6
78
11
10
32
10
107
1
72
72
57
12
45
6
27
24
9
47
17
1
9
3
7
23
20
16
22
6
142
9
17
6
40
9
32
84
79
30
322
107
7
9
22
7
155
64
55
47
13
1
2
53
35
136
102
4
1
29
1
2
2
83
29
56
20
3
24
128
7
536
14
5
5
70
16
1687
161
193
26
67
16
6
6
5
1364
8
153
29
58
26
29
146
6
11
30
33
144
1
8
48
19
15
4
26
20
10
91
27
58
31
118
7
83
38
16
111
17
9
61
33
26
21
14
5
3
752
9
42
18
1
177
135
2
11
45
8
15
94
30
38
27
73
4
28
18
44
19
5
44
2
46
2
3
65
148
11
4
13
25
87
7
245
119
240
7
4
17
136
106
10
11
17
32
7
70
61
206
9
4
126
19
8
9
164
11
11
4
11
57
615
7
12
62
14
3
11
41
21
22
9
4
4
1
21
24
31
5
2
5
23
2
4
1
1
104
25
27
1
143
13
6
5
109
116
112
62
58
51
9
84
172
44
20
37
107
4
3
28
17
9
9
5
4
106
19
40
17
34
41
3
76
35
259
27
9
19
19
18
183
40
25
96
22
9
465
10
1
3
5
2
7
6
13
3
2
2
29
8
192
46
201
5
102
6
145
5
1
175
12
2
83
32
42
22
13
9
3
19
8
1
4
11
61
33
4
1
41
15
97
17
16
61
157
7
10
8
2
6
7
18
30
7
6
4
8
9
21
153
17
9
5
9
16
12
11
7
5
7
3
4
196
11
31
6
4
2
2
12
18
145
4
2
12
4
1
105
122
6
15
3
9
11
7
3
22
2
7
5
8
242
166
81
55
22
26
18
13
22
9
6
50
37
61
48
13
321
13
1
40
9
217
10
129
211
24
7
31
17
29
16
21
2
45
21
26
11
9
2
5
32
8
6
8
1
77
1
6
2
1
14
20
38
1
7
5
2
48
9
1
5
23
1
5
17
23
16
10
17
7
41
6
19
152
3
37
4
170
2
1
23
568
902
4
25
1
1
18
20
8
13
10
1
43
6
73
4
44
9
8
21
2
3
52
2
1
5
6
50
3
3
26
13
41
17
11
98
29
11
13
126
7
83
98
60
51
4
1
78
32
46
15
32
1
7
4
4
4
3
51
18
95
5
2
11
26
6
44
64
11
14
59
3
74
27
7
5
17
10
37
43
137
32
14
23
19
9
24
7
52
22
14
9
4
20
33
9
31
2
5
6
5
1
11
1
63
4
3
35
17
18
13
7
7
63
95
169
62
20
15
9
90
5
1
16
51
12
11
37
49
7
35
3
1
2
2
3
16
3
2
1
29
5
4
2
1317
736
1
6
1
7
1
7
3
1
2
16
5
3
29
3
2
1
1
2
4
4
3
4
5
1
2
33
8
14
12
12
12
10
5
4
1
11
8
24
14
155
18
139
17
60
47
1
6
12
21
5
1
8
10
9
7
4
7
16
7
3
8
2
4
2
3
2
1
11
1
46
5
64
18
4
2
1
7
1
13
24
6
8
8
34
40
25
2813
2293
1731
347
589
12
112
5
106
13
22
57
20
17
7
32
15
68
7
4
52
30
100
13
4
11
64
7
1
1
37
35
5
1
10
40
24
94
136
3
2
5
1
11
3
85
44
6
37
32
6
13
4
754
624
3
9
61
18
70
110
13
12
7
21
88
2
183
60
16
331
64
23
442
31
137
22
358
169
92
42
118
37
72
32
1
4
3
606
452
9
3
19
3
5
280
64
1
5
1
179
104
33
1
2
2
1
58
18
23
22
34
24
10
567
136
1
48
8
12
6
10
78
11
6
11
5
21
13
32
27
3
15
10
4
15
5
3
18
18
22
39
12
40
12
5
10
3
14
5
6
14
17
6
1
8
12
28
13
35
35
95
104
153
153
28
2
7
1091
15
26
26
9
80
13
45
16
3
69
6
16
10
12
11
311
37
19
442
3
20
107
21
61
60
36
3
33
4
32
27
12
8
33
10
39
26
2
35
2
1
1
4
3
5
5
25
4
63
51
151
242
26
10
23
10
5
2
6
7
40
7
18
1
40
351
80
61
8
1
24
133
72
53
960
32
387
496
584
13
11
10
826
16
8
2299
40
7
167
71
105
28
82
53
196
37
79
58
66
29
32
101
120
28
10
13
9
4
6
11
3
225
212
499
78
17
14
34
17
35
107
46
22
10
3
18
67
47
2
26
30
14
49
3
3
1
93
18
3
35
1
90
16
1
61
4
87
71
71
52
25
2
65
29
21
28
9
11
1
10
56
4
9
14
26
5
22
36
10
55
114
22
8
7
4
7
61
42
4
1
7
4
1
1
55
88
18
19
18
13
2
56
7
5
74
78
2
3
5
4
17
31
227
21
358
11
5
54
23
3
1
2
1
12
306
63
40
33
12
11
2
6
1
21
47
30
6
90
3
6
3
4
11
4
14
17
12
2
3
8
2
96
62
34
17
56
38
11
14
5
5
26
12
17
70
19
22
19
15
25
17
3
23
43
20
20
4
2
37
41
10
28
5
3
64
11
10
351
4
11
2
5
42
277
4
1
1
1
32
61
31
16
27
12
32
2
19
19
19
17
14
30
27
118
13
993
251
195
10
186
86
10
6
15
4
14
52
5
7
6
1
1
6
24
135
3
7
2
12
23
23
6
5
5
6
76
33
34
12
107
32
41
8
6
4
5
4
3
2
4
19
7
12
23
8
44
9
31
10
49
45
1
4
65
28
31
80
66
19
113
315
34
42
10
13
14
17
19
28
41
5
55
35
9
20
31
2
4
4
7
3
1
7
17
10
3
13
5
5
7
17
6
1
42
6
8
2
1
3
1
1
3
3
17
4
6
4
8
11
2
6
8
4
25
43
60
6
15
7
19
5
14
5
22
14
2
21
9
2
5
6
9
7
10
1
10
25
3
9
2
8
9
4
3
54
2
30
18
49
3
13
20
53
9
14
80
13
8
4
9
8
9
9
1
3
9
6
20
2
8
14
6
4
8
29
4
10
21
4
6
11
5
8
3
91
113
110
30
17
16
5
46
134
44
19
29
10
65
21
63
28
45
12
8
15
13
7
5
21
4
11
19
10
4
5
9
33
4
59
84
4
4
10
31
11
21
1
3
4
10
2
5
1
10
6
6
2
7
34
12
4
3
28
14
3
2
6
6
7
15
4
2
15
11
1
13
5
10
10
15
46
33
5
7
1
3
5
3
7
5
4
5
3
1
79
38
28
3
2
1
5
26
18
3
16
10
12
10
2
107
18
11
76
4
5
48
23
11
233
62
26
5
4
18
2
4
5
1
70
39
16
13
2
2
52
5
12
7
6
35
7
8
1
7
28
32
14
56
2
28
197
3
13
5
1
7
8
4
8
3
5
9
5
17
9
4
9
13
4
6
2
55
20
33
19
12
2
1
5
12
11
16
9
8
6
2
1
6
2
1
10
1
8
118
1
18
19
13
12
2
99
12
17
3
7
11
6
4
47
43
109
15
2
8
23
7
45
47
20
53
17
45
15
12
13
341
96
4
5
2
1
5
10
7
15
9
1
1
2
7
1
3
8
67
30
59
2
24
11
2
5
12
7
10
3
9
3
5
18
1
1
6
9
7
4
4
4
16
2
30
5
8
4
3
6
18
5
8
1
2
8
6
4
234
6
2
2
1
5
7
1
8
27
22
9
1
3
64
57
9
565
20
2
5
1
4
1
4
6
7
9
5
1
12
2
5
1
235
29
15
17
28
8
12
3
10
8
2
21
12
2
50
28
200
12
32
55
9
2
24
4
3
27
6
87
60
13
88
18
2
13
14
8
86
2
26
43
17
25
12
21
27
3
1
44
15
40
7
48
30
12
1
3
91
1
14
4
8
36
7
115
9
15
3
6
69
86
25
14
41
45
24
180
8
134
55
78
587
29
19
14
16
87
127
21
112
34
4
6
2
4
3
4
15
15
10
19
15
15
30
6
33
15
8
4
67
41
32
13
2
7
176
379
441
243
18
224
138
36
6
31
211
22
51
32
4
2
1
3
8
8
2
20
5
9
3
62
39
30
6
3
2
5
158
50
54
26
25
2
1
138
65
62
29
35
12
3
47
2
7
7
5
362
88
34
15
21
29
61
34
7
28
5
10
7
3
4
2
48
23
34
11
23
10
4
2474
3
44
30
6
24
38
3
23
6
54
222
32
606
102
84
7
5
56
32
123
82
3
54
186
128
66
49
13
36
198
15
37
16
8
10
28
18
33
62
55
1
40
62
6
75
33
48
2
101
30
76
60
22
35
160
112
62
56
123
69
35
39
3
21
25
26
59
29
2
20
2
382
9
11
374
66
331
69
44
583
248
403
813
407
553
7
10
199
171
592
37
107
121
42
24
154
40
86
25
4
50
34
8
25
23
2
18
9
103
32
12
9
107
260
128
58
3
17
10
41
1291
10
82
47
4
66
26
36
181
131
69
106
52
182
106
323
202
6
31
52
23
20
4
16
64
42
60
31
36
82
10
2
2
21
3
21
166
104
86
8
24
15
18
16
9
15
21
40
41
31
38
15
21
37
21
20
10
201
12
51
28
27
4
6
5
142
2
20
168
68
7
45
47
8
159
13
5
19
467
129
137
29
56
142
24
15
22
29
6
25
193
185
72
29
14
41
43
34
12
26
8
17
7
39
17
416
121
580
162
7
137
128
114
14
12
32
2
15
3
8
5
1
195
42
128
18
70
137
50
16
7
67
24
9
11
8
11
49
19
8
59
13
39
108
5
9
50
1
7
18
43
9
18
18
394
21
11
5
3
31
2
74
156
553
20
79
33
4
56
312
26
214
394
3
192
99
109
3
2
5
3
28
165
107
62
362
153
234
558
89
14
26
6
41
14
4
1
2
80
28
16
48
174
132
8
7
9
104
203
206
388
2
70
23
37
298
68
49
104
401
116
134
217
117
224
70
46
35
102
26
70
43
28
75
53
77
34
131
164
180
29
21
9
10
7
4
92
9
19
32
17
3
2
36
10
1014
1225
994
769
645
3469
522
3149
1475
1139
3086
2029
2697
1144
1598
1471
1190
121
277
2240
6
25
52
39
105
64
185
71
491
63
51
18
101
5
30
2
9
670
725
46
18
11
65
19
152
16
11
66
102
2
4
22
112
126
61
56
26
2
4
76
5
217
365
208
12
527
99
141
57
87
872
105
5
170
109
54
64
58
51
44
29
19
13
44
24
8
38
14
12
18
9
14
3
39
5
11
2
3
47
66
299
639
32
39
59
6
1368
3
24
2
1
7
6
1
9
4
5
7
18
7
2
4
18
33
86
117
26
19
2
1
34
18
5
69
17
18
10
10
190
70
33
35
3
25
246
284
17
49
205
35
135
23
33
8
11
52
31
18
7
13
2
156
16
5
22
14
5
195
7
7
45
23
27
97
128
28
32
96
37
11
26
88
5
5
83
76
12
56
9
5
2
2
4
2
59
27
16
18
342
3003
24
1
22
23
60
30
24
18
19
27
3
284
92
6
14
55
22
34
45
9
22
23
69
1
2
94
2
30
2
4
41
43
37
45
100
19
10
7
22
9
9
73
196
95
110
16
66
2
5
1
41
16
3
4
56
114
124
3
32
10
2
5
1
1
9
2
21
13
2
7
4
4
42
24
28
18
70
16
111
122
14
10
4
717
238
1
4
8
6
2
11
38
3
4
21
69
13
10
32
41
27
8
24
16
4
43
2
21
293
5
10
48
43
19
5
9
1
11
6
41
26
17
28
17
12
2
52
48
34
7
57
4
4
18
6
13
8
3
1
40
8
6
84
185
9
5
14
310
5
14
1
3
2
2
7
2
127
13
4
13
4
25
4
87
48
33
37
71
2
2
5
1
1
1
4
33
5
1
7
1
2
4
8
10
6
2
9
157
297
115
883
462
7
3
1
2
10
13
2
1
1
13
2
6
7
20
4
1
11
16
1
2
4
87
8
6
3
3
5
28
14
47
2
1
18
1
49
28
23
4
2
52
52
14
23
150
36
36
17
23
5
7
6
5
13
4
9
2
17
10
12
5
1
78
6
7
25
2
15
5
7
88
5
33
4
157
23
30
80
23
3
7
5
1
161
14
4
4
14
10
36
215
51
57
38
25
27
21
3
4
17
16
53
4
1
4
24
21
18
217
44
27
98
476
5
1
7
5
2
5
5
1
7
8
4
4
1
32
58
116
124
1
44
710
1
4
6
3
7
187
32
29
25
13
11
4
12
4
16
1
4
5
126
7
136
94
42
6
10
2
15
4
4
3
1
7
5
5
2
1
3
21
1
7
15
41
5
2
5
16
13
76
66
11
3
28
1
1
125
5
113
1
32
132
12
19
23
187
32
23
38
15
8
29
16
15
4
881
60
16
43
6
19
109
39
76
9
4
73
43
30
13
3
16
19
9
82
19
91
56
11
7
13
1
2
6
11
17
3
15
59
72
354
152
244
80
296
121
210
23
439
222
314
34
17
14
3
30
15
7
8
22
10
3
4
62
38
28
8
7
43
38
2
22
7
18
3
51
9
37
9
7
16
19
17
7
12
23
3
20
17
10
77
24
53
26
12
13
24
1
23
45
34
12
4
6
19
38
3
20
141
39
1
74
9
20
41
14
2
2
5
1
12
4
8
8
6
8
48
15
25
8
41
7
8
307
88
28
70
4
57
27
35
7
122
39
92
18
2
40
6
71
32
51
4
13
9
4
664
12
3
2
11
8
13
10
1
2
9
17
59
95
140
237
56
18
74
152
1
185
2
123
32
6
17
54
17
24
1
2
11
11
38
33
6
4
9
7
2
20
6
12
1588
1436
489
23
732
617
5
42
24
24
11
8
13
45
104
53
25
2
9
2
24
2
3
358
114
41
17
9
2
45
5
11
123
46
8
38
76
16
2
2
45
23
8
1
4
15
6
6
5
1
6
7
4
5
1
4
8
3
3
3
5
3
3
35
6
21
22
15
2
16
13
10
3
16
4
1
13
5
2
12
3
5
8
2
1
3
69
29
60
20
44
13
24
2
18
3
5
21
5
6
4
3
8
5
4
3
1
5
8
1
8
3
4
3
3
2
15
6
5
2
4
3
3
23
13
3
11
34
31
10
56
89
11
17
3
8
17
2
5
1
20
4
5
29
14
35
6
55
336
1
5
1
1
1
60
1
4
7
24
1
22
38
9
12
4
4
16
3
24
2
2
7
72
18
16
7
3
23
8
24
3
3
5
10
47
6
9
19
3
7
770
164
8
118
5
31
23
65
15
29
37
8
26
32
14
31
3
13
35
36
166
1
2
7
2
140
87
66
91
97
77
46
37
209
12
1
15
4
8
2
37
13
13
4
82
15
2
24
17
8
1
29
13
10
34
7
26
40
1
11
28
10
20
7
70
21
80
6
27
520
1
8
4
17
15
13
39
85
15
10
70
123
79
45
306
207
23
26
273
104
113
3
22
6
21
130
165
456
100
7
12
53
5
11
1
8
42
31
6
5
5
17
6
16
19
18
38
211
53
27
1
2
20
7
125
77
52
14
9
5
27
11
15
7
3
4
14
13
2
31
19
10
7
12
10
1
1
1
18
11
10
14
7
7
45
28
19
2
19
8
11
75
2
2
12
5
7
71
39
33
89
46
51
67
28
36
3
32
16
19
62
34
29
1
74
47
29
9
3
6
131
51
80
10
6
4
4
1
3
140
70
78
56
30
30
155
78
78
10
2
8
376
89
5
76
2
61
54
62
51
20
2
30
1
8
1
4
20
14
4
6
75
65
5
84
40
31
7
6
13
10
2
6
2
107
252
167
12
17
19
1
1
9
4
13
5
1560
27
12
12
1
1
1
11
213
1
172
57
1
12
130
6
65
42
20
20
6
10
2
24
53
5
8
4
37
1
1
8
100
8
92
46
38
7
34
17
17
19
5
55
39
7
20
3
1
15
13
4
54
1
27
58
24
31
3
65
3
1
384
11
5
7
6
22
12
10
19
77
3
3
5
8
37
17
8
1
5
1
19
11
5
5
5
1
2
115
28
24
3
113
557
238
256
31
9
41
7
3
12
6
58
38
27
21
1
2
2
9
101
14
29
24
8
7
55
2
5
1
14
22
7
9
15
18
31
1
4
5
16
23
16
39
15
4
1
1
15
2
8
1
104
10
15
2
41
5
2
3
1
12
209
151
74
1
443
94
394
4
13
2
3
8
2
6
66
9
14
8
34
57
42
16
19
10
2
30
5
2
4
3
60
23
6
11
9
3
1
7
2
3
190
180
2
44
1
6
5
4
3
22
17
16
1
4
1
8
13
4
31
5
7
25
27
21
4
11
6
3
22
10
4
8
5
7
14
2
3
7
6
2
11
8
2
2
9
1
71
1
7
4
28
9
2
28
2
2
7
2
5
4
11
1
2
2
9
4
5
4
3
5
5
3
2
10
9
1
2
18
3
5
5
3
5
14
8
28
23
12
9
1
2
6
2
15
1
1
62
21
12
9
5
16
44
19
30
155
38
66
19
5
6
1
5
17
7
11
7
3
4
19
8
11
50
32
6
12
7
5
5
6
15
69
21
10
48
41
3
7
3
10
9
28
7
1
1
1
1
5
17
9
2
2
4
196
25
10
15
5
96
54
47
5
9
13
17
20
7
4
5
10
1
1
7
2
5
1
1
7
2
3
1
1
634
42
1
2
4
1
4
618
1
2
384
377
1
3
1
2
2
2
7
1
23
16
4
21
1
1
3
1
1
3
90
14
21
6
6
2
2
22
21
11
2
1
2
15
2
5
23
4
1
579
5
4
5
30
5
1
7
55
1
24
20
3
14
14
4
51
4
1
3
2
6
8
1
29
47
5
3
38
8
26
6
8
15
43
1
16
21
11
11
2
1
7
12
5
3
9
4
16
17
3
156
11
14
1
1
13
1
1
8
4
2
3
25
11
9
6
8
4
1
8
11
57
80
48
24
25
51
22
29
19
8
6
10
72
34
37
22
11
11
5
2
1
76
69
163
38
2
1
20
6
31
66
2
1
7
5
2
4
13
9
6
7
4
13
22
13
6
7
19
4
1
5
2
164
2
6
5
42
1
18
124
32
75
12
35
43
70
5
22
2
5
33
9
3
16
21
21
23
1
38
35
6
4
6
1
3
1
5
3
5
18
1
60
5
11
28
20
6
4
2
2
3
8
7
12
13
11
2
23
8
14
16
44
7
33
3
66
1
2
7
1
7
3
2
1
3
3
5
5
3
2
7
16
10
3
1
9
10
73
2
1
3
1
3
5
8
2
2
63
20
30
27
1
3
3
2
10
1
1
2
10
6
2
4
1
4
3
5
1
2
2
6
2
1
140
4
3
33
22
28
16
5
96
1
71
53
7
4
5
1
2
6
9
8
2
4
1
2
4
3
24
36
8
4
5
1
2
4
52
2
2
12
6
54
37
18
9
8
1
1
56
6
4
15
11
1
3
3
2
8
6
2
14
1
10
2
1
7
47
4
1
1
8
1
7
12
2
13
6
2
52
9
1
13
3
1
9
8
1
1
7
2
47
46
2083
409
164
10
9
15
13
1
27
8
109
4
107
5
67
7
20
158
4
2
1
2
3
22
4
106
19
246
16
5
1
3
1
6
7
3
11
8
4
1
1
8
17
60
2
208
5
207
18
3
2
3
1
1
2
30
23
9
1
7
3
1
9
25
1
5
1
1
3
1
7
1
8
4
10
12
9
2
2
1
1
4
34
9
253
65
82
82
44
46
13
3
4
21
8
2
11
15
10
31
9
7
370
93
161
131
37
122
2
10
2
36
1
8
1
7
12
6
7
24
283
1
8
3
155
68
114
77
37
24
27
1
4
1
9
8
2
6
3
1
36
22
13
7
31
2
5
16
17
1
4
8
71
1
4
2
2
1
24
6
1
32
21
5
3
1
9
1
16
8
21
5
8
9
36
38
2
2
424
6
1
4
4
7
1
50
7
1
6
25
4
13
49
24
5
19
9
6
5
42
12
8
5
9
2
4
16
5
42
30
68
46
4
144
50
3
2
3
11
1
8
4
7
4
19
5
9
6
8
2
19
11
3
2
2
9
6
14
3
1
6
4
17
19
9
9
2
18
3
8
440
15
3
1
36
334
4
101
58
5
2
3
161
8
21
6
12
6
2
11
1
5
1
271
9
1
4
14
2
107
1
116
13
41
1
15
2
12
2
2
15
8
11
3
1
2
3
3
1
3
2
2
3
3
3
3
8
3
1
2
8
54
36
26
2
4
2
101
222
27
22
41
80
18
74
8
26
3
3
1
6
5
2
9
7
21
179
1
52
3
2
8
5
4
7
4
3
70
68
2
10
30
8
3
3
2
4
126
1
11
2
8
1
7
29
26
3
9
7
117
4
9
9
4
20
15
1
33
2
1
3
40
8
4
5
5
1
2
8
7
17
1
263
115
30
86
3
3
6
4
9
1
8
10
5
12
17
5
1
3
25
7
157
11
11
26
2
16
1
262
26
17
14
3
4
9
3
33
10
4
6
1
7
10
3
9
3
6
7
2
8
12
23
41
8
115
94
11
8
4
1
2
8
9
6
6
4
5
16
7
1
1
7
23
2
21
277
22
3
7
7
4
26
20
11
10
11
1
1
68
18
6
11
4
1
2
3
13
7
5
24
7
19
56
7
2
2
1
1
18
2
7
4
1
21
4
1
7
6
2
1
14
15
1
8
8
13
11
516
545
11
1
3
8
102
27
64
30
19
2
6
88
246
19
24
55
115
155
12
6
262
115
89
84
24
12
54
38
5
4
3
2
5
6
6
18
14
35
4
4
12
8
2
1
178
7
4
18
9
9
1
1
4
2
3
9
3
4
2
5
4
31
1
6
5
30
143
1
5
1
2
17
2
99
2
6
14
1
5
37
11
1
15
28
37
27
3
154
10
27
13
2
2
1
1
30
2
5
10
1
1
16
4
13
15
192
86
18
9
21
2
48
25
1
1
52
5
28
2
9
1
169
47
2
14
2
5
3
3
5
18
1
7
1
2
83
4
8
2
6
4
9
43
36
17
108
3
4
1
4
1
7
1
4
2
2
3
8
3
3
38
6
7
1
2
30
111
93
1
81
70
11
4
8
1
78
1
2
1
1
1
1
42
17
3
3
3
3
2
1
1
1
1
8
1
4
8
2
39
409
1
3
2
54
3
2
1
15
3
1
55
3
95
25
5
2
1
1
3
9
15
1
108
100
92
7
1
31
6
27
3
11
5
6
7
51
9
17
20
1
1
7
17
10
1
5
15
1
1
8
6
6
10
1
4
1
4
306
7
2
5
31
5
242
8
1
3
2
1
2
2
1
72
3
3
1
1
6
1
8
8
6
2
1
1
8
5
2
3
2
752
163
13
6
2
24
22
4
1
5
1
4
1
7
5
6
4
11
4
4
2
5
2
1
4
10
3
9
6
5
3
1
1
2
3
1
32
24
6
11
5
2
1
3
3
6
5
21
5
2
6
1
7
10
1
3
12
9
4
11
7
6
43
14
4
2
68
14
38
100
3
4052
3791
3275
1492
2
1
2
6
3
4
1
79
4
13
1
4
2
1
78
1
1
1
11
1
2
9
5
17
14
17
18
12
4
33
11
5
14
7
1
24
2
1
2
38
1
8
5
250
2114
74
14
8
6
12
6
6
2
2
32
7
1
24
2
4
9
6
5
2
1
566
716
87
33
43
5
32
17
15
107
52
57
63
30
33
2
1
4
2
4
6
4
10
4
3
2
5
15
7
26
79
254
55
88
12
20
3
1
9
4
7
14
3
246
4
20
8
5
2
1
8
3
1
1
10
3
8
4
2
2
5
4
1
17
7
10
3
9
7
3
3
6
13
8
164
14
1
4
4
25
8
5
24
7
22
116
66
33
30
8
35
13
4
9
10
7
3
16
9
9
1
4
4
1
34
11
5
13
4
12
61
21
16
35
39
3
7
7
2
2
13
5
45
7
5
7
1
5
16
4
5
5
2
1
19
5
9
6
63
16
7
4
34
4
3
11
2
11
9
3
1
5
2
1
2
7
3
4
2
46
13
4
2
13
11
2
1
14
12
5
6
1
1
19
15
1
2
4
9
19
11
9
3
8
3
5
8
11
56
61
44
591
722
629
344
294
309
359
352
21
135
38
267
91
702
295
152
378
49
5
20
10
29
23
299
229
160
14
10
1
1
2
202
49
7
1
5
9
3
6
9
1
6
5
1
2
4
23
3
3
15
4
10
1
2
1
2
1
96
2
1
8
7
4
1
3
1
8
6
2
5
3
6
3
32
27
20
6
1493
958
1146
9
10
3
56
24
9
7
4
8
4
2
9
6
23
11
13
10
5
8
141
31
18
3
6
6
2
5
5
2
4
4
1
6
2
1
3
18
6
2
4
15
10
9
2
7
1
5
3
2
5
1
8
4
2
12
89
4
55
32
7
2
4
2
1
1
17
3
3
13
3
1
6
15
5
12
3
12
11
3
23
22
1
3
2
33
3
2
1
5
2
5
2
1
2
9
9
4
15
5
15
62
3
6
1
5
3
2
60
5
2
1
5
4
9
16
3
51
77
1
6
2
30
2
50
39
11
1
9
49
2
8
5
3
2
15
28
7
12
71
62
14
2
9
7
12
16
2
1
97
1
1
45
75
20
6
12
4
50
3
4
6
51
20
1
41
5
1
21
3
4
4
37
3
9
3
7
2
37
26
3
1
10
14
6
57
9
36
3
3
14
2
4
1
10
9
1
5
2
40
27
13
7
11
5
4
23
1
13
13
22
10
7
5
19
11
8
3
1
11
3
7
37
13
4
9
8
9
3
6
10
131
5
12
9
3
1
7
5
5
1
2
3
3
9
73
95
6
28
2
25
2
3
279
5
21
10
8
11
2
1
6
4
18
3
1
2
126
49
5
44
4
15
3
7
3
9
1
3
3
3
1
7
2
3
4
3
2
1
1
1
5
2
1
2
6
4
3
9
4
2
5
7
2
3
9
3
6
4
1
3
2
1
1
1
1
3
1
1
1
2
4
1
3
2
1
6
7
5
2
1
5
3
1
8
1
3
4
8
25
4
9
8
26
6
1
17
11
1
1
4
3
3
1
14
6
1
220
2
1
1
1
7
3
6
2
1
2
1
15
6
1
2
1
5
20
10
4
1
120
24
98
9
36
9
33
2
2
3
61
1
65
6
1
2
37
16
4
2
2
1
2
1
7
3
4
1
1
1
5
6
3
4
82
4
8
1
1
1
7
5
1
189
2
4
1
2
1
2
3
1
2
1
1
2
2
1
1
2
5
2
1
1
1
3
34
1
1
5
2
4
1
4
1
1
1
1
10
2
5
1
6
1
6
1
2
1
2
1
1
7
3
1
4
1
2
1
2
41
10
8
2
6
3
3
197
6
4
2
5
4
1
96
6
2
2
2
20
1
18
3
132
72
80
27
2
1
102
7
12
5
1
18
14
4
19
1
16
6
10
34
163
3
275
5
29
3
90
69
1
38
83
5
108
1
58
6
4
6
12
4
6
13
6
2
9
87
1
2
1
3
10
2
1
29
9
14
7
4
5
3
14
24
18
4
7
1
4
8
4
3
27
9
18
4
3
7
65
4
4
40
9
2
7
3
6
18
43
7
3
4
6
2
6
3
3
4
3
28
27
6
21
9
5
18
14
57
54
6
1
2
4
13
23
1
9
2
1
1
2
4
74
9
1
5
1
6
16
2
4
42
1
1
3
2
5
3
8
8
403
227
8
